15.500000 273.000000 92.862000 5.754000 9.206000 
16.100000 546.400000 93.059000 5.046000 8.297000 
10.423000 981.423000 85.433000 5.754000 8.549000 
33.500000 783.611000 94.696000 4.787000 8.692000 
31.000000 979.500000 101.775000 5.046000 9.091000 
61.358000 1038.208000 106.737000 8.215000 8.033000 
32.600000 1225.660000 83.298000 7.979000 8.381000 
86.769000 165.231000 96.642000 4.068000 8.099000 
69.786000 240.643000 93.237000 5.971000 8.248000 
67.846000 438.615000 86.617000 4.068000 8.642000 
71.486000 1155.943000 101.702000 6.676000 8.087000 
75.381000 694.095000 85.878000 5.171000 10.182000 
77.848000 958.697000 85.408000 6.482000 9.628000 
104.786000 412.500000 86.324000 4.222000 9.330000 
122.704000 167.481000 111.090000 5.863000 8.430000 
122.292000 427.083000 108.341000 5.528000 8.831000 
132.867000 720.467000 94.906000 4.370000 8.813000 
138.238000 1020.667000 97.284000 5.171000 8.475000 
147.824000 388.176000 85.932000 4.652000 9.264000 
162.333000 400.267000 108.483000 4.370000 9.283000 
145.250000 662.550000 86.099000 5.046000 10.047000 
145.632000 934.842000 85.233000 4.918000 10.581000 
137.325000 1668.625000 148.224000 7.136000 9.604000 
158.619000 1079.571000 89.291000 5.171000 8.081000 
179.424000 1637.030000 111.004000 6.482000 9.471000 
188.958000 440.625000 96.233000 5.528000 10.965000 
189.105000 917.579000 102.083000 4.918000 9.889000 
198.250000 985.375000 107.086000 4.514000 11.379000 
185.019000 1041.019000 107.465000 8.137000 9.109000 
200.421000 1170.316000 81.203000 4.918000 8.316000 
199.158000 1258.474000 91.479000 4.918000 9.527000 
203.250000 372.250000 108.969000 5.046000 8.444000 
215.813000 632.500000 86.368000 4.514000 9.039000 
216.333000 1506.733000 85.304000 4.370000 8.471000 
220.636000 1603.591000 97.944000 7.485000 8.586000 
228.714000 959.500000 106.814000 4.222000 9.468000 
241.424000 1021.409000 131.086000 9.167000 8.381000 
234.000000 1279.000000 82.864000 4.652000 8.098000 
241.500000 1563.778000 101.007000 4.787000 8.826000 
246.833000 415.722000 96.433000 4.787000 9.401000 
246.353000 547.471000 91.957000 4.652000 9.941000 
259.111000 933.278000 106.873000 4.787000 8.440000 
269.364000 1031.091000 89.373000 3.742000 8.341000 
278.056000 1245.111000 83.654000 4.787000 8.593000 
270.240000 1505.120000 93.939000 5.642000 12.892000 
297.158000 1169.789000 85.143000 4.918000 8.007000 
300.429000 1575.381000 106.094000 5.171000 11.069000 
295.647000 1809.706000 108.917000 4.652000 8.669000 
306.000000 390.500000 96.709000 4.787000 9.164000 
311.125000 604.750000 99.455000 5.528000 12.177000 
307.800000 979.267000 89.421000 4.370000 9.859000 
313.158000 1473.158000 93.450000 4.918000 11.822000 
302.200000 1534.333000 106.128000 4.370000 8.343000 
308.871000 1665.065000 93.830000 6.283000 10.174000 
325.607000 39.393000 102.044000 5.971000 8.817000 
357.563000 1440.750000 93.551000 4.514000 11.461000 
367.125000 363.688000 96.252000 4.514000 8.840000 
366.706000 580.706000 99.373000 4.652000 10.948000 
362.700000 729.650000 82.689000 5.046000 9.734000 
364.583000 786.000000 98.392000 3.909000 8.574000 
367.316000 954.000000 89.626000 4.918000 8.146000 
367.500000 1635.000000 93.186000 4.787000 10.509000 
364.733000 1773.067000 108.209000 4.370000 8.178000 
400.150000 255.850000 87.108000 5.046000 9.283000 
394.429000 809.095000 86.349000 5.171000 8.705000 
402.438000 1408.250000 93.746000 4.514000 11.333000 
419.500000 482.714000 92.334000 4.222000 8.761000 
413.200000 755.000000 98.680000 3.568000 8.808000 
417.067000 897.600000 81.369000 4.370000 8.022000 
423.765000 555.529000 99.430000 4.652000 10.619000 
430.063000 718.313000 82.537000 4.514000 9.015000 
428.800000 927.267000 89.785000 4.370000 9.088000 
423.933000 1142.400000 80.585000 4.370000 12.935000 
425.813000 1425.688000 81.132000 4.514000 8.599000 
426.588000 1603.882000 93.146000 4.652000 10.665000 
456.583000 239.375000 86.830000 5.528000 8.136000 
500.020000 445.551000 92.957000 7.899000 8.313000 
452.538000 810.846000 94.254000 5.754000 10.313000 
445.500000 1093.500000 80.637000 4.222000 11.069000 
454.000000 1394.308000 80.690000 4.068000 8.127000 
480.944000 530.444000 99.105000 4.787000 9.181000 
467.154000 1042.769000 80.588000 4.068000 11.910000 
498.615000 519.385000 93.055000 4.068000 8.069000 
490.000000 901.000000 89.455000 4.068000 8.168000 
488.583000 991.250000 80.708000 3.909000 10.286000 
486.619000 1572.952000 93.161000 5.171000 9.530000 
502.286000 1595.500000 106.403000 4.222000 10.965000 
512.650000 691.000000 98.888000 5.046000 8.206000 
503.500000 705.111000 82.684000 4.787000 9.861000 
508.059000 778.588000 94.459000 4.652000 9.088000 
517.933000 803.000000 81.390000 4.370000 8.769000 
511.938000 1464.938000 106.360000 4.514000 9.530000 
508.300000 1509.300000 106.279000 3.568000 9.993000 
505.667000 1556.125000 107.899000 5.528000 9.917000 
537.000000 1530.833000 108.363000 3.909000 8.926000 
552.815000 93.963000 80.658000 5.863000 9.204000 
564.278000 746.111000 93.783000 4.787000 9.048000 
577.368000 1414.053000 96.834000 4.918000 12.011000 
569.400000 1505.600000 108.446000 4.370000 8.978000 
600.842000 1479.842000 108.370000 4.918000 8.792000 
621.353000 712.588000 93.629000 4.652000 8.710000 
618.500000 1049.000000 80.649000 1.596000 9.024000 
619.500000 1054.000000 83.228000 4.222000 12.996000 
609.385000 1368.615000 96.525000 4.068000 10.231000 
630.308000 408.731000 91.112000 5.754000 8.198000 
637.688000 498.125000 83.350000 4.514000 8.537000 
646.914000 128.457000 95.677000 6.676000 11.471000 
658.000000 1047.267000 83.120000 4.370000 10.510000 
637.500000 1193.714000 79.949000 4.222000 8.850000 
643.385000 1321.923000 96.710000 4.068000 12.199000 
658.000000 1623.100000 90.480000 5.046000 8.100000 
678.385000 1275.615000 96.501000 4.068000 11.095000 
681.353000 62.471000 80.543000 4.652000 8.540000 
696.286000 1037.500000 83.020000 4.222000 9.962000 
695.360000 1434.200000 90.094000 5.642000 10.385000 
685.425000 1803.500000 104.033000 7.136000 12.027000 
711.933000 97.467000 95.567000 6.180000 8.645000 
714.357000 475.786000 83.308000 4.222000 8.931000 
716.846000 903.731000 84.561000 5.754000 12.247000 
720.608000 1253.255000 107.776000 8.058000 9.972000 
723.290000 1715.000000 99.915000 6.283000 9.565000 
722.767000 1770.733000 103.983000 6.180000 10.500000 
734.154000 1025.538000 83.006000 4.068000 8.341000 
738.263000 1681.895000 99.841000 4.918000 9.797000 
752.000000 1403.500000 90.210000 4.514000 10.832000 
747.867000 1528.600000 81.072000 4.370000 8.012000 
758.385000 1718.385000 93.488000 5.754000 10.337000 
759.220000 1737.756000 104.382000 7.225000 8.566000 
779.889000 66.944000 95.310000 6.770000 9.039000 
788.357000 162.643000 105.952000 4.222000 8.411000 
779.400000 884.700000 84.583000 6.180000 9.739000 
764.905000 967.857000 103.631000 5.171000 8.526000 
766.368000 1223.421000 107.403000 6.956000 8.647000 
783.389000 1646.444000 99.592000 4.787000 11.159000 
768.316000 1680.421000 99.629000 4.918000 9.957000 
782.667000 1896.048000 88.321000 5.171000 8.023000 
797.938000 1013.688000 99.698000 4.514000 8.376000 
794.853000 1703.324000 104.278000 6.580000 9.689000 
813.250000 1190.031000 105.227000 6.383000 8.026000 
810.941000 1372.824000 89.758000 4.652000 9.657000 
809.115000 1622.231000 92.779000 5.754000 11.077000 
814.391000 1645.565000 99.823000 5.412000 9.679000 
809.043000 1683.739000 93.657000 5.412000 10.512000 
832.273000 116.591000 106.073000 5.293000 8.616000 
829.471000 375.412000 97.619000 4.652000 9.553000 
840.042000 491.750000 91.749000 5.528000 8.258000 
842.760000 865.120000 84.633000 5.642000 9.323000 
826.778000 944.944000 103.622000 4.787000 8.611000 
829.867000 1610.000000 99.541000 4.370000 10.628000 
823.353000 1946.118000 85.251000 4.652000 8.588000 
848.125000 33.719000 95.698000 6.383000 8.548000 
860.200000 1610.680000 99.686000 5.642000 10.050000 
860.000000 1650.000000 93.517000 5.293000 9.756000 
852.591000 1907.682000 85.317000 5.293000 9.783000 
794.563000 1986.563000 88.579000 9.027000 8.194000 
867.706000 1125.706000 105.589000 4.652000 8.503000 
877.375000 1572.813000 99.762000 4.514000 9.768000 
872.483000 1590.276000 92.900000 6.077000 10.272000 
882.136000 1870.091000 85.783000 5.293000 9.495000 
869.563000 62.938000 107.067000 6.383000 8.422000 
883.118000 336.118000 97.562000 4.652000 8.663000 
889.385000 920.385000 103.669000 4.068000 8.020000 
885.718000 1268.974000 82.336000 7.047000 8.363000 
889.863000 1375.629000 112.674000 12.565000 8.170000 
885.517000 1424.897000 101.471000 6.077000 10.451000 
911.054000 631.161000 88.867000 10.882000 9.127000 
906.308000 844.000000 84.774000 5.754000 9.007000 
910.615000 1096.615000 105.497000 4.068000 8.541000 
911.955000 1614.909000 93.947000 5.293000 8.264000 
914.433000 47.733000 80.412000 6.180000 9.325000 
928.750000 304.821000 89.594000 5.971000 8.594000 
934.115000 690.000000 90.740000 5.754000 8.322000 
923.080000 1227.440000 82.555000 5.642000 8.286000 
935.538000 1385.192000 101.636000 5.754000 10.471000 
937.500000 1556.923000 92.956000 5.754000 10.664000 
926.588000 1593.059000 86.872000 4.652000 8.905000 
943.806000 47.419000 106.823000 6.283000 8.285000 
951.125000 893.938000 103.942000 4.514000 8.273000 
959.625000 1551.188000 86.823000 4.514000 10.387000 
976.133000 19.533000 91.980000 4.370000 8.810000 
965.240000 152.560000 98.181000 5.642000 9.101000 
981.124000 607.011000 89.502000 10.645000 9.329000 
977.750000 1804.950000 105.224000 5.046000 11.036000 
970.032000 1900.742000 93.468000 6.283000 8.220000 
1000.667000 661.944000 90.705000 4.787000 9.902000 
986.250000 1344.600000 101.487000 5.046000 9.440000 
994.000000 1508.786000 86.835000 4.222000 8.055000 
1001.870000 1524.435000 92.655000 5.412000 9.614000 
1005.269000 283.615000 89.698000 5.754000 9.760000 
1057.581000 1426.806000 89.551000 6.283000 8.334000 
1013.765000 1472.118000 87.553000 4.652000 11.220000 
1009.000000 1768.000000 105.507000 5.171000 9.724000 
1041.895000 645.842000 105.009000 4.918000 11.887000 
1037.600000 1303.700000 101.472000 5.046000 9.212000 
1041.118000 1730.412000 105.465000 4.652000 9.799000 
1045.000000 180.742000 100.786000 6.283000 9.397000 
1050.792000 462.458000 83.212000 5.528000 9.743000 
1054.805000 587.322000 75.000000 10.525000 8.208000 
1039.586000 700.828000 89.205000 6.077000 10.066000 
1069.000000 633.500000 90.543000 4.787000 8.575000 
1072.500000 728.000000 109.446000 4.222000 10.204000 
1076.545000 1508.636000 86.808000 5.293000 8.067000 
1068.000000 1538.840000 92.085000 5.642000 8.152000 
1072.667000 1691.733000 105.468000 4.370000 8.964000 
1067.583000 1773.375000 91.838000 5.528000 9.305000 
1095.438000 605.250000 104.846000 4.514000 10.762000 
1106.806000 979.500000 103.753000 6.770000 10.247000 
1088.667000 1048.485000 81.251000 6.482000 10.717000 
1104.611000 1381.056000 86.138000 6.770000 8.924000 
1084.541000 1828.297000 92.670000 6.864000 8.045000 
1094.316000 1924.263000 86.753000 4.918000 9.709000 
1086.056000 1950.111000 92.748000 4.787000 9.468000 
1117.643000 154.643000 101.329000 5.971000 8.491000 
1111.913000 187.478000 84.410000 5.412000 10.795000 
1122.000000 374.720000 108.438000 5.642000 8.084000 
1121.188000 437.625000 83.246000 4.514000 9.943000 
1125.615000 555.338000 88.752000 9.097000 11.476000 
1112.417000 675.333000 89.118000 5.528000 10.293000 
1114.412000 1727.941000 91.735000 4.652000 8.922000 
1127.118000 560.706000 90.763000 4.652000 11.694000 
1125.469000 998.563000 81.472000 6.383000 9.962000 
1152.733000 29.933000 85.848000 4.370000 8.190000 
1145.706000 234.294000 106.676000 4.652000 8.761000 
1150.846000 564.231000 104.845000 4.068000 8.179000 
1133.625000 648.250000 91.531000 3.192000 8.270000 
1151.531000 930.750000 103.837000 6.383000 9.162000 
1164.192000 948.808000 81.241000 5.754000 10.303000 
1151.929000 1335.857000 87.442000 4.222000 10.952000 
1161.611000 1681.722000 91.608000 4.787000 8.717000 
1158.667000 1786.222000 86.786000 5.863000 9.055000 
1148.813000 1835.188000 87.093000 4.514000 9.571000 
1170.500000 139.000000 84.649000 4.787000 10.090000 
1162.864000 238.045000 89.420000 5.293000 9.673000 
1162.577000 348.769000 104.127000 5.754000 8.286000 
1168.077000 883.615000 96.033000 4.068000 9.025000 
1193.929000 128.143000 99.044000 4.222000 8.147000 
1185.190000 334.524000 103.721000 5.171000 8.799000 
1193.833000 411.083000 83.084000 3.909000 9.961000 
1201.396000 519.000000 88.769000 7.818000 9.880000 
1133.392000 556.294000 96.362000 8.058000 8.863000 
1203.208000 620.500000 91.358000 5.528000 8.386000 
1183.100000 633.250000 109.039000 5.046000 8.520000 
1187.727000 648.909000 89.090000 5.293000 10.443000 
1197.935000 881.226000 103.896000 6.283000 9.504000 
1187.478000 1607.870000 97.618000 5.412000 9.801000 
1197.429000 1738.190000 87.120000 5.171000 8.531000 
1178.400000 1789.400000 86.772000 4.370000 8.828000 
1203.857000 436.857000 106.306000 5.171000 8.625000 
1212.818000 666.409000 89.644000 5.293000 10.914000 
1206.185000 899.222000 81.098000 5.863000 9.742000 
1223.633000 1112.933000 80.981000 6.180000 8.029000 
1210.000000 1635.200000 91.795000 3.568000 9.157000 
1240.667000 584.667000 108.810000 3.909000 8.109000 
1237.889000 1689.389000 86.967000 4.787000 8.379000 
1244.393000 829.893000 103.994000 5.971000 8.792000 
1266.636000 383.909000 82.959000 3.742000 8.218000 
1278.042000 483.688000 89.517000 7.818000 8.005000 
1283.080000 1636.760000 95.946000 5.642000 11.865000 
1277.158000 1699.737000 104.061000 4.918000 12.317000 
1274.333000 1753.333000 99.637000 4.370000 8.221000 
1264.963000 622.407000 89.471000 5.863000 8.050000 
1289.333000 637.524000 89.421000 5.171000 10.230000 
1295.722000 739.944000 76.453000 4.787000 8.003000 
1295.571000 1074.381000 80.842000 5.171000 8.012000 
1293.000000 1957.500000 84.752000 3.568000 8.205000 
1305.577000 1113.115000 83.593000 5.754000 11.990000 
1324.375000 1585.875000 96.008000 5.528000 10.817000 
1309.625000 1650.188000 104.090000 4.514000 10.294000 
1339.543000 921.086000 87.482000 6.676000 9.610000 
1341.000000 1821.000000 97.396000 5.171000 8.116000 
1322.500000 1912.700000 84.507000 5.046000 8.353000 
1329.412000 1958.118000 84.986000 4.652000 10.793000 
1347.947000 1057.211000 83.604000 4.918000 10.167000 
1350.600000 1415.250000 93.639000 5.046000 8.130000 
1343.813000 1599.750000 104.297000 4.514000 9.374000 
1367.476000 607.810000 89.488000 5.171000 10.360000 
1366.864000 1533.364000 96.270000 5.293000 11.544000 
1378.714000 1548.357000 104.142000 4.222000 8.880000 
1380.571000 1862.095000 85.120000 5.171000 10.345000 
1354.650000 1910.450000 85.136000 5.046000 10.284000 
1391.000000 213.647000 96.056000 4.652000 8.330000 
1402.828000 874.690000 87.470000 6.077000 10.454000 
1391.706000 1000.706000 83.485000 4.652000 10.569000 
1409.903000 1481.032000 96.949000 6.283000 8.355000 
1416.500000 1554.000000 108.469000 4.514000 9.598000 
1404.500000 1650.000000 96.357000 4.787000 8.724000 
1440.286000 221.857000 85.486000 5.171000 11.066000 
1430.552000 556.276000 99.023000 6.077000 8.605000 
1436.938000 943.750000 83.535000 4.514000 9.732000 
1433.333000 1431.467000 97.262000 6.180000 9.302000 
1434.313000 1594.063000 96.136000 4.514000 8.572000 
1426.500000 1797.000000 131.115000 5.046000 10.776000 
1447.118000 577.412000 89.687000 4.652000 9.966000 
1451.143000 1756.000000 116.132000 4.222000 10.500000 
1480.474000 166.079000 90.213000 6.956000 9.127000 
1469.240000 310.880000 106.565000 5.642000 8.228000 
1468.048000 828.190000 87.720000 5.171000 9.741000 
1469.714000 1370.893000 97.516000 5.971000 8.184000 
1469.625000 1446.688000 108.065000 4.514000 8.275000 
1466.000000 1538.500000 96.386000 4.787000 8.603000 
1477.357000 1713.786000 98.088000 4.222000 9.940000 
1512.263000 171.842000 85.285000 4.918000 9.963000 
1504.000000 518.000000 100.332000 5.171000 9.141000 
1507.364000 1309.318000 97.425000 5.293000 9.141000 
1504.800000 1670.440000 109.421000 5.642000 8.161000 
1527.679000 252.893000 106.505000 5.971000 8.196000 
1528.412000 487.118000 102.174000 4.652000 8.398000 
1534.792000 781.542000 87.693000 5.528000 10.257000 
1548.767000 350.933000 85.330000 6.180000 8.241000 
1564.677000 150.613000 90.004000 6.283000 9.222000 
1580.095000 478.143000 100.118000 5.171000 9.100000 
1573.556000 580.833000 83.440000 4.787000 8.428000 
1585.941000 119.412000 85.374000 4.652000 9.315000 
1596.719000 1401.969000 104.795000 6.383000 8.127000 
1610.903000 342.871000 84.648000 6.283000 8.159000 
1611.917000 1049.000000 106.620000 6.770000 8.084000 
1593.708000 1982.792000 115.101000 7.818000 8.709000 
1632.750000 217.300000 112.330000 5.046000 8.054000 
1644.778000 1243.722000 101.819000 9.575000 10.161000 
1660.000000 69.759000 84.969000 6.077000 8.611000 
1651.077000 132.564000 90.341000 7.047000 8.280000 
1643.867000 473.267000 106.110000 4.370000 8.143000 
1646.657000 814.629000 104.150000 6.676000 10.219000 
1657.750000 982.950000 105.696000 5.046000 9.145000 
1667.710000 1888.920000 107.724000 13.255000 8.051000 
1628.964000 1937.022000 107.121000 13.207000 8.113000 
1680.393000 226.393000 97.580000 5.971000 10.493000 
1680.882000 285.118000 84.540000 4.652000 8.272000 
1652.333000 813.500000 103.882000 2.764000 8.970000 
1692.750000 1482.250000 100.099000 4.514000 8.225000 
1718.500000 11.200000 80.178000 3.568000 8.158000 
1703.500000 419.000000 105.992000 4.514000 8.151000 
1702.760000 653.200000 96.789000 5.642000 8.433000 
1706.658000 760.158000 104.237000 6.956000 9.402000 
1701.944000 883.167000 82.107000 4.787000 8.236000 
1719.688000 1138.125000 82.661000 6.383000 8.043000 
1696.081000 1189.742000 101.413000 8.885000 8.299000 
1712.413000 1216.500000 94.360000 7.653000 8.620000 
1730.500000 1758.300000 105.492000 5.046000 8.452000 
1748.000000 75.034000 102.160000 6.077000 9.367000 
1744.222000 161.630000 97.295000 5.863000 9.191000 
1757.950000 610.150000 95.590000 5.046000 8.361000 
1749.132000 1134.368000 101.393000 9.305000 8.358000 
1745.000000 1792.000000 99.005000 5.863000 11.039000 
1769.759000 703.345000 104.090000 6.077000 9.585000 
1777.296000 1154.704000 91.471000 5.863000 11.161000 
1777.481000 1705.407000 88.566000 5.863000 8.036000 
1770.087000 1741.391000 99.094000 5.412000 9.016000 
1783.522000 591.043000 99.025000 5.412000 8.175000 
1801.071000 692.714000 96.855000 5.971000 8.477000 
1805.135000 1080.981000 101.702000 8.137000 8.468000 
1783.321000 1414.286000 100.241000 5.971000 8.102000 
1788.000000 1648.714000 105.219000 4.222000 8.044000 
1798.586000 1689.897000 99.083000 6.077000 9.976000 
1820.118000 35.412000 103.550000 4.652000 8.173000 
1809.909000 96.091000 97.365000 5.293000 8.121000 
1805.556000 278.667000 81.210000 3.385000 8.069000 
1802.909000 1770.136000 89.711000 5.293000 9.862000 
1832.538000 647.731000 104.142000 5.754000 8.980000 
1828.133000 1638.133000 99.500000 4.370000 8.715000 
1848.467000 1092.700000 91.566000 6.180000 10.095000 
1858.588000 1711.353000 90.345000 4.652000 8.983000 
1875.152000 32.848000 94.260000 6.482000 8.088000 
1871.779000 881.721000 103.911000 9.305000 9.159000 
1883.571000 1392.893000 85.844000 5.971000 8.028000 
1902.045000 593.909000 106.650000 5.293000 8.025000 
1933.726000 825.658000 95.767000 9.641000 8.383000 
1914.609000 1399.609000 104.351000 5.412000 8.031000 
1914.769000 1664.462000 91.025000 4.068000 8.293000 
1918.103000 1648.276000 89.271000 6.077000 8.001000 
1960.286000 304.381000 92.858000 5.171000 8.223000 
1939.212000 828.962000 104.478000 8.137000 9.207000 
1957.158000 1496.632000 100.015000 4.918000 8.156000 
1979.143000 1820.619000 95.050000 5.171000 8.772000 
