10.500000 1876.222000 95.827000 4.787000 9.295000 
38.941000 382.412000 98.789000 4.652000 8.025000 
79.368000 1216.842000 90.532000 4.918000 8.792000 
85.400000 1332.080000 91.134000 5.642000 8.096000 
107.833000 482.056000 102.579000 4.787000 8.363000 
126.667000 480.714000 88.016000 5.171000 8.350000 
124.292000 788.958000 97.647000 5.528000 8.526000 
160.292000 454.042000 93.360000 5.528000 9.208000 
155.725000 992.525000 108.202000 7.136000 8.454000 
135.852000 1313.519000 91.347000 5.863000 9.878000 
174.154000 722.385000 83.090000 4.068000 8.688000 
165.500000 845.222000 105.960000 4.787000 8.030000 
161.760000 1228.880000 88.807000 5.642000 8.942000 
182.429000 453.429000 87.499000 5.171000 8.731000 
181.083000 765.583000 96.629000 5.528000 8.985000 
212.882000 420.471000 93.658000 4.652000 8.985000 
186.300000 1293.767000 92.291000 6.180000 9.442000 
224.200000 148.457000 93.756000 6.676000 9.963000 
222.947000 879.211000 82.456000 4.918000 8.037000 
224.844000 974.299000 105.519000 9.901000 8.898000 
237.000000 1358.174000 90.726000 5.412000 9.121000 
223.900000 1851.050000 103.435000 5.046000 8.684000 
237.966000 741.483000 96.833000 6.077000 8.363000 
261.500000 1829.000000 103.642000 5.293000 8.003000 
281.273000 114.788000 93.469000 6.482000 10.564000 
267.286000 384.857000 93.606000 5.171000 10.760000 
270.882000 1264.235000 83.879000 4.652000 8.402000 
285.000000 948.500000 97.659000 4.514000 9.017000 
294.960000 956.640000 107.777000 7.979000 8.754000 
285.500000 1340.500000 90.823000 5.046000 8.178000 
309.533000 1224.333000 84.190000 4.370000 9.150000 
318.267000 1568.333000 90.207000 4.370000 8.115000 
339.122000 79.805000 93.833000 7.225000 11.164000 
331.278000 290.500000 85.905000 4.787000 8.080000 
338.933000 922.267000 97.350000 4.370000 9.634000 
328.875000 1300.333000 101.353000 5.528000 9.594000 
335.000000 1322.333000 90.817000 4.787000 9.586000 
341.350000 1347.500000 105.562000 5.046000 9.454000 
360.063000 257.125000 109.173000 4.514000 10.103000 
343.842000 857.842000 102.110000 4.918000 10.551000 
348.889000 1181.111000 84.139000 4.787000 9.496000 
358.833000 1311.722000 105.278000 4.787000 10.971000 
363.900000 236.550000 83.421000 5.046000 8.520000 
379.500000 1276.500000 105.024000 5.046000 10.858000 
401.067000 835.733000 102.057000 4.370000 10.762000 
393.706000 895.176000 97.758000 4.652000 8.108000 
383.207000 1478.828000 -3.950000 6.077000 9.538000 
403.500000 225.286000 108.771000 4.222000 9.408000 
416.929000 549.143000 86.114000 4.222000 10.279000 
421.211000 806.053000 106.950000 4.918000 8.033000 
426.263000 962.316000 97.563000 4.918000 8.158000 
427.815000 1443.593000 231.954000 5.863000 10.433000 
442.409000 153.182000 81.548000 5.293000 8.088000 
447.500000 192.000000 109.372000 5.528000 9.254000 
443.194000 531.161000 94.745000 6.283000 8.017000 
460.050000 813.250000 102.014000 5.046000 10.606000 
472.030000 796.485000 86.100000 6.482000 8.619000 
472.800000 1407.680000 103.438000 5.642000 11.745000 
488.533000 1704.333000 107.756000 4.370000 8.127000 
490.450000 519.650000 86.249000 5.046000 11.212000 
488.571000 644.286000 94.038000 4.222000 8.506000 
497.500000 1063.000000 83.515000 4.222000 8.427000 
519.818000 1685.545000 108.115000 3.742000 10.350000 
540.786000 288.286000 96.495000 4.222000 9.189000 
526.032000 914.935000 107.334000 6.283000 8.189000 
522.533000 940.000000 108.144000 6.180000 8.014000 
534.500000 1106.000000 91.900000 4.787000 9.444000 
531.100000 1315.050000 93.599000 5.046000 13.046000 
536.000000 1289.500000 105.380000 4.514000 8.430000 
554.429000 843.286000 80.470000 4.222000 10.813000 
543.400000 1019.667000 83.800000 4.370000 8.555000 
547.933000 1241.400000 105.530000 4.370000 10.372000 
555.000000 1262.692000 80.641000 4.068000 9.086000 
551.000000 1666.500000 108.137000 3.568000 9.786000 
550.647000 1952.529000 110.611000 4.652000 8.605000 
564.393000 490.821000 86.299000 5.971000 11.490000 
580.625000 788.625000 80.465000 4.514000 10.630000 
567.300000 982.400000 81.029000 5.046000 10.111000 
561.889000 1075.111000 98.207000 4.787000 8.545000 
579.500000 1224.813000 80.853000 4.514000 10.325000 
579.053000 1280.368000 93.698000 4.918000 12.251000 
599.583000 128.792000 82.336000 5.528000 8.194000 
593.500000 571.000000 94.059000 5.046000 11.301000 
586.150000 890.175000 108.300000 7.136000 8.714000 
597.229000 925.629000 107.530000 9.441000 8.334000 
588.111000 975.889000 84.069000 4.787000 9.001000 
594.778000 1077.944000 91.627000 4.787000 8.558000 
579.095000 1377.714000 100.911000 5.171000 8.139000 
587.889000 1921.333000 111.809000 4.787000 8.141000 
620.000000 81.000000 106.127000 4.068000 9.320000 
609.053000 733.158000 80.632000 4.918000 10.327000 
603.556000 1185.222000 80.881000 4.787000 10.902000 
630.105000 956.263000 81.520000 4.918000 9.988000 
628.273000 1245.091000 93.662000 5.293000 13.662000 
649.118000 390.176000 92.218000 4.652000 8.779000 
646.000000 456.500000 99.161000 4.787000 10.995000 
648.545000 863.932000 108.021000 7.485000 10.494000 
663.091000 1146.364000 80.672000 3.742000 8.175000 
657.909000 1483.091000 93.539000 5.293000 10.812000 
670.839000 230.516000 96.546000 6.283000 10.154000 
670.762000 1968.333000 97.228000 5.171000 8.385000 
692.400000 1405.400000 108.357000 4.370000 11.449000 
700.000000 1439.333000 99.953000 4.787000 9.549000 
696.813000 1924.313000 96.362000 4.514000 8.454000 
703.154000 37.077000 98.718000 5.754000 10.004000 
712.897000 363.138000 91.642000 6.077000 8.314000 
707.300000 428.500000 98.987000 5.046000 11.283000 
709.300000 566.400000 98.765000 5.046000 8.431000 
720.188000 1449.625000 93.270000 4.514000 9.959000 
736.950000 623.750000 81.420000 5.046000 8.271000 
731.625000 796.313000 89.632000 4.514000 8.371000 
726.000000 1378.500000 108.500000 3.909000 8.973000 
724.500000 1882.000000 96.494000 5.046000 9.879000 
747.091000 149.864000 86.841000 5.293000 8.095000 
760.100000 1351.050000 108.383000 5.046000 11.635000 
769.478000 399.913000 99.319000 5.412000 10.897000 
764.941000 531.412000 98.585000 4.652000 8.461000 
802.188000 577.625000 81.359000 4.514000 9.340000 
783.421000 615.316000 93.894000 4.918000 10.393000 
798.450000 767.350000 90.042000 5.046000 10.453000 
783.786000 1143.929000 96.369000 4.222000 9.584000 
784.600000 1415.040000 93.312000 5.642000 10.874000 
824.842000 1095.842000 96.389000 4.918000 10.323000 
843.450000 578.650000 93.607000 5.046000 10.436000 
843.313000 974.063000 83.416000 4.514000 8.156000 
856.538000 1346.615000 108.258000 4.068000 8.017000 
879.371000 108.343000 85.735000 6.676000 8.076000 
874.281000 360.469000 92.766000 6.383000 8.084000 
869.692000 533.115000 81.614000 5.754000 10.308000 
864.750000 653.000000 94.740000 4.514000 8.776000 
868.000000 1047.889000 96.057000 4.787000 10.738000 
869.810000 1715.476000 84.507000 5.171000 8.560000 
883.500000 183.000000 80.471000 5.293000 8.476000 
885.400000 338.967000 90.880000 6.180000 9.194000 
891.333000 609.389000 82.870000 4.787000 9.315000 
885.267000 950.933000 83.566000 4.370000 8.946000 
893.026000 1608.395000 104.612000 6.956000 8.388000 
882.737000 1801.789000 96.556000 4.918000 8.353000 
904.107000 540.500000 94.013000 5.971000 10.539000 
927.000000 458.706000 96.664000 4.652000 9.391000 
925.364000 613.909000 94.346000 5.293000 9.406000 
929.000000 927.000000 83.193000 4.918000 8.742000 
927.692000 1572.558000 104.746000 8.137000 9.791000 
956.000000 317.852000 91.068000 5.863000 8.654000 
979.097000 579.871000 83.167000 6.283000 10.308000 
961.681000 1535.915000 105.088000 7.736000 11.226000 
970.733000 1761.067000 85.483000 6.180000 11.158000 
968.333000 1919.111000 98.256000 4.787000 8.172000 
998.000000 92.792000 81.664000 5.528000 9.092000 
994.733000 1063.067000 106.969000 6.180000 9.799000 
993.368000 1507.684000 99.411000 4.918000 10.065000 
1003.474000 1721.368000 85.579000 4.918000 11.370000 
1011.882000 1465.647000 99.279000 4.652000 10.775000 
968.810000 1535.762000 107.951000 5.171000 8.278000 
1004.000000 1842.636000 88.777000 5.293000 8.368000 
1027.167000 296.194000 91.090000 6.770000 8.031000 
1043.731000 1027.423000 107.049000 5.754000 9.645000 
1037.188000 1249.688000 90.313000 4.514000 8.890000 
1037.808000 1680.731000 85.804000 5.754000 12.190000 
1040.214000 1757.714000 94.145000 4.222000 9.097000 
1025.417000 1965.750000 100.838000 3.909000 8.139000 
1061.739000 1426.130000 99.585000 5.412000 11.058000 
1042.043000 1469.783000 99.488000 5.412000 11.159000 
1045.636000 1943.000000 94.529000 5.293000 8.434000 
1059.125000 1515.250000 93.590000 5.528000 11.026000 
1063.588000 1804.059000 88.600000 4.652000 9.002000 
1096.000000 430.500000 83.573000 5.046000 8.699000 
1087.368000 778.079000 84.720000 6.956000 8.258000 
1093.452000 990.935000 106.361000 6.283000 10.664000 
1098.789000 1216.053000 90.215000 4.918000 8.458000 
1092.458000 1430.875000 99.571000 5.528000 11.367000 
1090.235000 1718.882000 94.009000 4.652000 8.473000 
1117.722000 806.833000 103.433000 4.787000 9.288000 
1112.500000 1385.500000 99.261000 5.293000 11.237000 
1113.700000 1477.967000 93.861000 6.180000 10.866000 
1138.000000 1348.000000 86.893000 3.742000 8.819000 
1139.500000 1602.800000 96.526000 5.046000 8.697000 
1142.529000 1678.882000 94.180000 4.652000 9.842000 
1124.682000 1765.045000 88.820000 5.293000 9.339000 
1153.737000 752.684000 84.661000 6.956000 8.277000 
1153.625000 977.458000 82.145000 5.528000 8.854000 
1145.607000 1139.500000 108.541000 5.971000 8.015000 
1166.286000 1581.143000 105.577000 4.222000 11.082000 
1174.781000 579.156000 89.938000 6.383000 8.012000 
1175.278000 771.111000 103.582000 4.787000 8.862000 
1162.440000 1181.120000 90.472000 5.642000 10.504000 
1179.667000 1305.667000 86.644000 3.909000 8.344000 
1169.231000 1439.346000 93.857000 5.754000 11.633000 
1174.960000 1474.800000 103.464000 5.642000 8.458000 
1168.091000 1551.636000 96.439000 3.742000 8.300000 
1193.462000 879.385000 105.487000 4.068000 8.440000 
1196.071000 929.833000 82.545000 7.313000 8.028000 
1193.250000 1023.667000 108.371000 3.909000 8.225000 
1191.100000 1102.250000 98.293000 5.046000 9.066000 
1186.125000 1186.542000 101.411000 5.528000 10.804000 
1186.333000 1427.455000 92.834000 6.482000 10.238000 
1198.579000 1499.316000 96.674000 4.918000 8.422000 
1200.000000 1540.000000 105.598000 4.652000 11.272000 
1222.921000 723.737000 85.088000 6.956000 8.875000 
1205.333000 1225.889000 80.486000 4.787000 8.647000 
1202.765000 1315.765000 80.787000 4.652000 9.672000 
1241.391000 1143.522000 101.352000 5.412000 10.706000 
1224.222000 1261.722000 86.993000 4.787000 8.378000 
1235.727000 1497.909000 105.709000 5.293000 11.873000 
1240.409000 1799.773000 85.685000 5.293000 9.779000 
1244.471000 388.618000 83.888000 6.580000 8.061000 
1260.538000 1758.115000 85.612000 5.754000 10.105000 
1326.400000 477.333000 90.510000 4.370000 9.813000 
1263.118000 876.559000 81.154000 6.580000 8.038000 
1253.588000 1390.941000 92.918000 6.580000 10.603000 
1267.533000 1662.133000 86.192000 4.370000 9.523000 
1283.000000 1715.600000 85.790000 5.642000 10.992000 
1285.882000 46.235000 97.600000 4.652000 8.079000 
1297.296000 78.481000 94.399000 5.863000 8.713000 
1297.500000 1099.692000 101.450000 5.754000 10.977000 
1291.714000 1205.357000 87.411000 4.222000 10.955000 
1298.375000 1805.813000 92.556000 4.514000 9.871000 
1295.000000 1954.500000 106.369000 4.787000 8.278000 
1322.408000 1353.878000 92.985000 7.899000 10.382000 
1302.733000 1616.067000 86.377000 4.370000 10.176000 
1305.800000 1682.700000 92.610000 5.046000 8.474000 
1315.083000 1751.000000 99.170000 5.528000 8.830000 
1333.264000 482.033000 89.421000 10.764000 9.183000 
1336.545000 516.591000 90.442000 5.293000 8.979000 
1336.846000 763.462000 80.574000 5.754000 11.582000 
1340.000000 1569.000000 86.198000 4.652000 9.132000 
1344.364000 605.636000 104.897000 3.742000 8.649000 
1344.625000 1158.188000 87.372000 4.514000 10.180000 
1401.533000 1450.333000 91.385000 4.370000 8.744000 
1356.600000 1702.900000 99.129000 5.046000 8.216000 
1356.500000 1765.500000 92.471000 4.222000 9.644000 
1348.052000 1959.494000 91.394000 9.901000 8.098000 
1381.846000 47.846000 93.209000 7.047000 8.176000 
1371.813000 408.375000 104.671000 4.514000 10.284000 
1378.821000 681.872000 103.512000 7.047000 10.805000 
1365.400000 1641.667000 93.402000 4.370000 8.801000 
1368.259000 1843.222000 102.101000 5.863000 8.187000 
1373.786000 1985.071000 86.603000 4.222000 8.153000 
1392.346000 167.423000 89.089000 5.754000 8.064000 
1381.353000 339.294000 101.897000 4.652000 8.229000 
1394.885000 553.346000 104.958000 5.754000 8.110000 
1389.926000 714.926000 80.472000 5.863000 11.075000 
1399.542000 1109.667000 87.564000 5.528000 12.326000 
1388.000000 1269.235000 91.616000 4.652000 8.122000 
1398.944000 1653.167000 99.374000 4.787000 8.872000 
1394.067000 1921.133000 91.696000 9.772000 8.717000 
1411.473000 454.363000 90.304000 10.764000 8.872000 
1410.476000 483.905000 90.401000 5.171000 9.451000 
1415.217000 1723.783000 91.996000 5.412000 9.933000 
1403.080000 1794.680000 102.116000 5.642000 10.404000 
1433.524000 365.762000 104.274000 5.171000 8.565000 
1482.563000 426.000000 82.643000 4.514000 9.614000 
1414.341000 461.159000 85.325000 7.485000 8.220000 
1428.400000 626.750000 103.685000 7.136000 9.836000 
1444.467000 667.433000 80.297000 6.180000 10.097000 
1442.400000 673.700000 82.429000 3.568000 8.422000 
1439.182000 1445.727000 86.556000 5.293000 8.695000 
1432.667000 1563.667000 99.320000 3.909000 8.110000 
1428.360000 1598.800000 92.623000 5.642000 9.605000 
1429.960000 1941.400000 87.310000 5.642000 9.323000 
1487.778000 424.640000 78.618000 16.926000 8.293000 
1457.467000 525.867000 96.054000 4.370000 8.471000 
1446.500000 1220.500000 92.032000 5.293000 8.647000 
1455.200000 1399.160000 91.553000 5.642000 8.518000 
1459.750000 1721.850000 84.885000 5.046000 11.833000 
1439.769000 1743.769000 101.834000 5.754000 10.824000 
1482.074000 28.000000 97.022000 5.863000 8.238000 
1477.563000 140.375000 89.368000 6.383000 9.132000 
1474.500000 297.800000 83.153000 5.046000 9.549000 
1479.548000 569.524000 103.691000 7.313000 11.098000 
1462.474000 615.632000 89.862000 4.918000 8.169000 
1481.625000 1401.750000 104.237000 4.514000 10.292000 
1496.240000 323.120000 104.605000 5.642000 10.610000 
1501.234000 382.961000 88.177000 9.901000 9.556000 
1485.379000 449.586000 90.343000 6.077000 9.240000 
1484.360000 544.080000 88.963000 5.642000 11.575000 
1493.320000 960.520000 81.063000 5.642000 8.527000 
1490.375000 1669.813000 85.029000 4.514000 11.454000 
1493.605000 426.302000 89.303000 7.399000 9.718000 
1508.222000 1170.148000 91.837000 5.863000 8.355000 
1520.875000 1347.125000 104.260000 4.514000 11.887000 
1504.412000 1502.176000 97.035000 4.652000 9.336000 
1522.520000 1616.880000 84.844000 5.642000 11.665000 
1508.500000 1638.500000 84.433000 4.787000 8.332000 
1530.214000 231.679000 101.849000 5.971000 8.372000 
1533.963000 338.444000 108.711000 5.863000 8.797000 
1489.204000 434.359000 105.106000 13.446000 8.072000 
1532.700000 701.250000 86.570000 5.046000 8.108000 
1534.684000 1329.579000 96.029000 4.918000 10.768000 
1536.118000 1444.412000 97.143000 4.652000 8.961000 
1551.111000 264.333000 83.121000 4.787000 9.774000 
1498.847000 422.647000 78.604000 10.403000 9.081000 
1560.962000 1289.623000 101.407000 8.215000 8.930000 
1564.686000 113.600000 89.749000 6.676000 8.081000 
1585.534000 346.741000 88.065000 8.593000 9.808000 
1566.591000 393.136000 95.802000 5.293000 9.111000 
1566.381000 515.095000 89.151000 5.171000 10.214000 
1571.391000 783.870000 83.325000 5.412000 11.963000 
1565.391000 915.522000 80.985000 5.412000 9.963000 
1581.190000 1272.524000 95.836000 5.171000 11.176000 
1569.048000 1385.333000 97.202000 5.171000 10.527000 
1602.333000 183.222000 110.008000 5.863000 9.087000 
1588.467000 1234.867000 107.957000 4.370000 8.914000 
1592.450000 1318.150000 96.700000 5.046000 9.460000 
1587.385000 1547.615000 109.525000 4.068000 8.885000 
1592.102000 347.184000 82.885000 7.899000 8.632000 
1623.000000 725.391000 83.011000 5.412000 11.993000 
1618.533000 1501.333000 109.298000 4.370000 10.423000 
1629.269000 228.500000 83.205000 5.754000 9.156000 
1636.083000 869.375000 80.748000 5.528000 9.339000 
1640.250000 1008.321000 93.389000 5.971000 8.559000 
1619.065000 1133.548000 97.768000 6.283000 8.620000 
1629.241000 1215.103000 96.072000 6.077000 10.275000 
1630.613000 1258.129000 96.038000 6.283000 8.119000 
1650.472000 485.194000 89.054000 6.770000 9.467000 
1661.273000 1067.773000 97.557000 7.485000 8.578000 
1660.050000 1117.850000 107.676000 5.046000 9.030000 
1651.182000 1453.409000 108.756000 5.293000 11.032000 
1672.205000 309.192000 87.956000 9.641000 10.177000 
1671.564000 320.667000 76.625000 7.047000 8.081000 
1678.158000 489.421000 89.465000 4.918000 9.536000 
1676.481000 666.222000 83.332000 5.863000 11.089000 
1686.714000 1432.357000 96.527000 5.971000 8.946000 
1693.714000 1471.214000 101.352000 4.222000 8.021000 
1717.821000 406.214000 90.699000 5.971000 8.728000 
1705.975000 1001.050000 97.047000 7.136000 8.990000 
1703.222000 1116.833000 93.920000 4.787000 8.296000 
1730.435000 649.696000 87.825000 5.412000 9.423000 
1763.391000 456.957000 89.484000 5.412000 10.718000 
1776.773000 554.682000 96.125000 5.293000 10.020000 
1803.968000 601.710000 87.510000 6.283000 9.731000 
1859.100000 292.000000 75.757000 6.180000 8.304000 
1852.056000 422.972000 89.612000 6.770000 8.705000 
1867.500000 254.500000 106.014000 5.754000 8.864000 
1880.219000 553.094000 87.610000 6.383000 9.968000 
1871.500000 1649.983000 108.191000 12.361000 8.855000 
1875.950000 1646.150000 108.271000 5.046000 9.089000 
1919.385000 508.615000 92.079000 4.068000 8.400000 
1919.533000 849.633000 96.564000 6.180000 8.367000 
1923.758000 1491.727000 99.276000 6.482000 9.163000 
1871.900000 1656.700000 105.979000 5.046000 8.009000 
1922.474000 1771.368000 107.552000 4.918000 9.373000 
1904.632000 1820.342000 105.352000 6.956000 8.162000 
1909.500000 1893.667000 86.173000 6.180000 8.024000 
1916.350000 1597.019000 109.820000 11.452000 8.519000 
1961.227000 1437.682000 99.102000 5.293000 9.389000 
1973.587000 924.065000 103.196000 7.653000 8.133000 
