10.714000 499.500000 108.017000 4.222000 8.278000 
30.500000 1683.500000 93.799000 5.528000 9.509000 
34.500000 1805.000000 92.532000 4.514000 8.318000 
49.133000 717.400000 99.140000 4.370000 8.893000 
16.344000 1100.262000 103.144000 8.813000 8.301000 
8.343000 1114.857000 80.443000 9.441000 8.222000 
68.609000 1653.609000 94.127000 5.412000 9.382000 
104.659000 330.171000 88.349000 7.225000 8.144000 
102.941000 695.235000 99.090000 4.652000 8.190000 
92.833000 1083.000000 106.651000 3.909000 11.496000 
88.095000 1557.429000 76.595000 5.171000 8.365000 
89.130000 1777.391000 93.434000 5.412000 8.465000 
118.636000 1057.091000 107.074000 3.742000 9.185000 
104.750000 1201.125000 85.138000 4.514000 8.173000 
110.895000 1623.421000 93.728000 4.918000 9.776000 
133.421000 635.579000 82.426000 4.918000 8.916000 
138.800000 984.300000 93.622000 5.046000 8.179000 
128.500000 1288.500000 101.606000 5.046000 8.881000 
153.939000 319.970000 86.908000 6.482000 8.457000 
145.222000 542.139000 90.901000 6.770000 8.124000 
142.833000 1049.889000 89.567000 4.787000 8.448000 
152.000000 1592.500000 93.729000 5.046000 11.529000 
147.158000 1748.158000 92.933000 4.918000 10.369000 
165.615000 79.385000 102.904000 4.068000 9.316000 
156.727000 671.500000 99.260000 5.293000 11.148000 
172.769000 1184.615000 108.085000 4.068000 8.560000 
180.111000 1262.278000 101.902000 4.787000 8.067000 
191.583000 955.792000 93.978000 5.528000 9.322000 
186.842000 1161.842000 81.219000 4.918000 8.715000 
202.375000 1670.250000 82.739000 4.514000 8.052000 
214.000000 164.500000 80.437000 4.514000 8.923000 
204.840000 525.640000 90.526000 5.642000 9.664000 
219.000000 1617.000000 82.136000 5.293000 8.052000 
231.118000 871.588000 98.480000 4.652000 8.095000 
252.074000 295.407000 87.269000 5.863000 8.688000 
245.500000 926.000000 93.978000 5.528000 8.770000 
250.357000 1590.786000 81.463000 4.222000 8.006000 
268.500000 152.714000 80.574000 4.222000 9.213000 
273.368000 277.579000 95.907000 4.918000 8.059000 
282.828000 304.897000 95.749000 6.077000 11.962000 
265.069000 509.414000 90.735000 6.077000 8.904000 
278.118000 597.412000 82.811000 4.652000 8.565000 
281.467000 1563.867000 81.145000 4.370000 8.125000 
282.833000 631.083000 80.984000 3.909000 8.376000 
299.000000 896.500000 93.835000 4.514000 11.407000 
288.667000 1207.125000 102.412000 5.528000 8.121000 
291.214000 1400.643000 80.900000 4.222000 10.367000 
298.600000 1687.400000 106.594000 4.370000 8.968000 
298.185000 1727.593000 107.094000 5.863000 9.815000 
298.500000 1767.188000 106.987000 4.514000 8.817000 
324.714000 142.429000 80.200000 5.171000 8.561000 
315.250000 1359.438000 81.017000 4.514000 11.182000 
312.615000 1537.615000 81.426000 4.068000 8.828000 
320.842000 1589.842000 108.179000 4.918000 9.204000 
343.167000 274.375000 95.723000 5.528000 12.145000 
326.875000 493.333000 90.610000 5.528000 9.621000 
338.615000 1317.385000 80.598000 4.068000 10.822000 
326.960000 1698.760000 108.341000 5.642000 10.685000 
351.417000 535.042000 82.567000 5.528000 8.162000 
353.179000 990.321000 84.333000 5.971000 10.808000 
362.333000 1272.750000 80.667000 3.909000 12.058000 
357.500000 1675.000000 108.424000 4.787000 9.723000 
367.200000 1053.000000 82.804000 3.568000 8.123000 
374.500000 1603.000000 90.007000 4.514000 10.457000 
382.440000 131.080000 80.311000 5.642000 8.041000 
404.481000 244.852000 95.678000 5.863000 11.226000 
387.733000 1650.667000 108.398000 4.370000 10.395000 
416.435000 977.870000 84.388000 5.412000 10.589000 
415.214000 1056.643000 83.095000 4.222000 10.412000 
418.750000 1626.438000 108.451000 4.514000 10.965000 
412.625000 1672.438000 97.042000 4.514000 10.558000 
428.500000 1575.000000 89.962000 4.514000 9.002000 
460.467000 1059.867000 83.086000 4.370000 12.856000 
438.500000 1629.500000 97.121000 4.514000 10.085000 
447.385000 1798.308000 92.858000 5.754000 10.421000 
477.731000 160.231000 106.983000 5.754000 9.323000 
467.250000 214.031000 95.805000 6.383000 10.634000 
479.200000 964.120000 84.543000 5.642000 11.261000 
464.714000 1585.500000 97.015000 4.222000 11.475000 
482.412000 1880.118000 100.045000 4.652000 9.991000 
476.880000 1903.880000 93.949000 5.642000 8.026000 
504.786000 1060.643000 83.258000 4.222000 11.908000 
501.778000 1398.907000 108.703000 8.292000 9.455000 
493.077000 1540.692000 97.038000 4.068000 11.708000 
493.385000 1708.615000 106.113000 4.068000 11.488000 
489.500000 1747.714000 106.552000 4.222000 8.865000 
483.857000 1783.429000 106.360000 4.222000 8.706000 
477.400000 1817.050000 106.116000 5.046000 8.019000 
508.519000 259.889000 82.081000 5.863000 10.263000 
501.407000 419.481000 89.539000 5.863000 9.902000 
513.778000 497.222000 82.548000 4.787000 8.617000 
525.083000 765.740000 90.367000 11.056000 9.223000 
508.452000 1768.903000 92.561000 6.283000 10.150000 
541.394000 142.061000 107.079000 6.482000 9.515000 
541.963000 949.630000 84.862000 5.863000 10.734000 
547.000000 1368.483000 107.740000 8.740000 8.208000 
524.950000 1847.150000 99.659000 5.046000 9.001000 
524.500000 1872.000000 92.503000 4.514000 8.031000 
545.636000 428.091000 105.711000 3.742000 9.179000 
535.563000 593.750000 97.728000 4.514000 9.258000 
538.158000 1517.158000 90.236000 4.918000 11.266000 
553.778000 1842.074000 99.919000 5.863000 8.738000 
542.118000 1928.412000 104.457000 4.652000 8.396000 
572.167000 400.042000 89.318000 5.528000 8.001000 
562.500000 844.500000 90.818000 4.222000 9.962000 
570.188000 1738.844000 92.659000 6.383000 8.978000 
571.444000 1842.074000 93.956000 5.863000 8.431000 
577.200000 227.000000 81.660000 6.180000 8.038000 
585.867000 383.133000 105.765000 4.370000 8.057000 
583.050000 558.100000 97.797000 5.046000 8.494000 
588.765000 743.392000 89.581000 11.396000 8.725000 
591.667000 1339.524000 106.498000 7.313000 8.264000 
598.174000 1808.913000 99.660000 5.412000 9.043000 
580.073000 1895.780000 103.909000 7.225000 9.585000 
606.231000 124.769000 107.229000 5.754000 9.226000 
592.583000 746.917000 89.731000 3.909000 9.843000 
610.688000 873.813000 96.264000 4.514000 10.609000 
624.385000 1211.385000 80.067000 4.068000 8.151000 
619.125000 1298.125000 105.188000 3.192000 10.332000 
608.941000 1649.118000 101.586000 4.652000 10.794000 
621.000000 1810.275000 93.821000 7.136000 9.384000 
635.000000 317.500000 100.671000 4.514000 11.449000 
626.000000 339.000000 105.636000 4.068000 10.340000 
632.214000 520.357000 98.128000 4.222000 9.726000 
624.167000 818.833000 90.978000 3.909000 8.712000 
633.950000 842.750000 89.112000 5.046000 10.999000 
632.767000 1708.900000 92.744000 6.180000 10.324000 
647.677000 191.581000 82.082000 6.283000 9.563000 
643.739000 382.783000 89.178000 5.412000 8.427000 
649.500000 584.000000 83.164000 3.909000 9.799000 
653.957000 720.527000 89.246000 10.882000 8.587000 
664.667000 791.773000 88.090000 9.772000 10.927000 
661.071000 1268.286000 105.358000 4.222000 9.862000 
655.000000 1611.364000 101.728000 5.293000 11.326000 
612.381000 1780.476000 100.650000 5.171000 8.438000 
674.333000 108.185000 107.214000 5.863000 8.123000 
667.813000 293.375000 105.549000 4.514000 8.903000 
672.625000 830.000000 96.511000 4.514000 8.858000 
691.875000 334.000000 97.761000 4.514000 9.208000 
683.158000 483.158000 98.049000 4.918000 9.872000 
686.867000 792.800000 90.964000 4.370000 9.647000 
701.000000 819.000000 89.170000 4.918000 10.714000 
701.500000 1574.000000 101.911000 4.787000 10.147000 
717.500000 87.700000 85.220000 3.568000 8.109000 
717.813000 154.250000 82.227000 6.383000 9.635000 
703.000000 295.500000 100.657000 4.787000 10.648000 
718.143000 362.476000 89.355000 5.171000 9.045000 
716.538000 565.846000 83.449000 4.068000 10.765000 
720.600000 697.970000 89.532000 11.284000 9.483000 
721.250000 916.063000 89.870000 4.514000 8.104000 
703.200000 1238.000000 105.024000 3.568000 8.653000 
717.069000 1456.897000 82.729000 6.077000 8.123000 
727.423000 757.615000 88.460000 9.966000 11.388000 
736.600000 786.600000 95.948000 4.370000 8.647000 
725.500000 1258.500000 94.278000 3.909000 8.024000 
749.385000 506.615000 104.927000 4.068000 8.546000 
750.933000 766.400000 91.047000 4.370000 9.221000 
753.438000 883.250000 105.004000 4.514000 11.412000 
746.364000 1207.909000 105.223000 3.742000 9.775000 
749.111000 1534.889000 101.608000 4.787000 9.473000 
772.429000 273.071000 100.785000 4.222000 10.174000 
768.375000 796.000000 88.711000 4.514000 9.262000 
776.643000 1728.214000 87.353000 4.222000 10.686000 
754.412000 1835.882000 86.793000 4.652000 8.324000 
784.786000 546.357000 83.582000 4.222000 10.146000 
792.507000 722.587000 88.568000 9.772000 10.110000 
800.154000 776.231000 91.561000 4.068000 8.195000 
789.833000 826.083000 89.483000 3.909000 10.362000 
799.909000 842.364000 105.100000 3.742000 10.381000 
777.769000 990.154000 104.960000 4.068000 9.344000 
791.000000 1211.167000 103.907000 4.787000 8.383000 
784.804000 1378.490000 82.782000 8.058000 8.152000 
781.160000 1795.160000 86.600000 5.642000 8.492000 
802.000000 259.000000 98.034000 4.918000 9.416000 
803.929000 743.143000 95.632000 4.222000 8.681000 
815.000000 1684.692000 87.654000 4.068000 11.633000 
810.462000 1752.846000 86.750000 4.068000 9.012000 
843.118000 249.412000 100.630000 4.652000 10.880000 
839.000000 771.000000 89.150000 4.918000 10.895000 
825.333000 947.083000 110.410000 3.909000 9.017000 
839.471000 1711.353000 86.565000 4.652000 9.268000 
829.615000 1977.308000 104.854000 4.068000 8.788000 
841.900000 406.300000 84.355000 5.046000 8.073000 
854.400000 525.600000 83.517000 4.370000 12.375000 
859.250000 799.438000 89.707000 4.514000 10.276000 
848.000000 801.000000 105.064000 4.652000 10.519000 
869.286000 1485.500000 108.819000 4.222000 8.270000 
854.200000 1641.133000 87.677000 4.370000 10.513000 
855.083000 1880.333000 100.654000 3.909000 8.111000 
859.333000 1941.067000 104.380000 4.370000 9.127000 
858.773000 687.932000 88.110000 7.485000 9.962000 
874.500000 902.000000 104.849000 3.909000 9.963000 
856.205000 1248.410000 103.754000 7.047000 10.534000 
895.538000 363.615000 84.770000 4.068000 8.234000 
897.471000 759.882000 105.148000 4.652000 12.253000 
897.424000 1204.000000 103.735000 6.482000 10.164000 
894.667000 1596.800000 87.552000 4.370000 13.090000 
890.800000 1906.067000 104.825000 4.370000 9.122000 
908.533000 1348.533000 80.932000 6.180000 10.753000 
930.538000 772.615000 89.663000 4.068000 10.290000 
925.111000 856.889000 113.432000 4.787000 9.249000 
939.788000 1158.788000 103.407000 6.482000 9.630000 
936.355000 1296.710000 81.244000 6.283000 10.604000 
924.529000 1402.353000 108.924000 4.652000 8.621000 
927.867000 1662.533000 91.299000 4.370000 8.125000 
963.190000 291.286000 81.110000 5.171000 10.757000 
951.857000 318.071000 84.399000 4.222000 8.662000 
965.340000 1243.255000 77.099000 11.617000 8.200000 
949.333000 1581.875000 96.787000 5.528000 8.074000 
989.588000 264.588000 84.449000 4.652000 8.804000 
1003.063000 745.313000 89.646000 4.514000 10.999000 
983.211000 1112.868000 103.683000 6.956000 9.158000 
995.028000 1186.972000 87.379000 6.770000 8.805000 
995.525000 1192.600000 81.298000 7.136000 11.872000 
1004.842000 28.737000 108.354000 4.918000 8.382000 
1012.731000 235.885000 90.693000 5.754000 9.947000 
1024.895000 768.263000 100.946000 4.918000 8.160000 
1037.933000 1041.400000 95.909000 4.370000 8.955000 
1056.286000 219.357000 84.604000 4.222000 8.018000 
1049.889000 504.111000 85.987000 4.787000 11.779000 
1051.429000 1141.600000 87.797000 6.676000 9.199000 
1054.591000 1922.000000 95.819000 5.293000 9.523000 
1079.000000 168.655000 81.075000 6.077000 11.136000 
1084.833000 1432.278000 84.038000 4.787000 9.530000 
1094.600000 35.700000 80.738000 5.046000 8.687000 
1090.656000 225.625000 90.454000 6.383000 8.266000 
1092.208000 733.000000 100.801000 5.528000 8.408000 
1092.565000 1874.870000 96.272000 5.412000 10.523000 
1117.579000 117.421000 97.507000 4.918000 9.342000 
1113.400000 457.133000 85.895000 4.370000 12.429000 
1100.875000 495.000000 97.080000 4.514000 10.154000 
1109.087000 1096.565000 87.725000 5.412000 10.538000 
1119.632000 1378.947000 83.901000 4.918000 9.799000 
1104.800000 1979.300000 103.853000 3.568000 8.594000 
1124.118000 175.118000 84.378000 4.652000 9.418000 
1130.565000 1826.087000 95.974000 5.412000 11.384000 
1132.063000 1932.313000 103.965000 4.514000 8.688000 
1145.407000 108.000000 81.260000 5.863000 9.788000 
1150.000000 435.000000 96.875000 4.068000 8.155000 
1159.353000 641.471000 107.627000 4.652000 9.094000 
1159.200000 697.733000 100.552000 4.370000 8.222000 
1156.500000 1324.000000 83.679000 4.514000 9.982000 
1160.158000 1885.158000 104.095000 4.918000 9.949000 
1173.529000 61.118000 97.267000 4.652000 8.547000 
1178.750000 408.917000 85.876000 3.909000 11.174000 
1170.375000 795.813000 105.799000 4.514000 10.987000 
1168.923000 976.385000 95.308000 4.068000 9.639000 
1167.750000 1050.375000 87.626000 5.528000 9.747000 
1169.840000 1777.040000 95.940000 5.642000 11.537000 
1194.667000 129.933000 84.125000 4.370000 8.111000 
1193.471000 1268.647000 83.981000 4.652000 10.780000 
1170.912000 214.706000 91.332000 6.580000 9.347000 
1208.600000 585.600000 107.561000 4.370000 8.543000 
1208.667000 863.667000 83.162000 3.909000 9.641000 
1189.750000 1837.950000 104.655000 5.046000 9.919000 
1242.000000 134.000000 84.482000 4.068000 8.161000 
1246.111000 359.889000 85.543000 4.787000 12.307000 
1229.000000 661.889000 101.027000 4.787000 9.550000 
1231.417000 761.750000 105.556000 3.909000 10.217000 
1225.737000 1827.158000 97.742000 4.918000 8.019000 
1250.097000 203.710000 90.327000 6.283000 10.724000 
1252.118000 1770.941000 97.307000 4.652000 8.710000 
1266.000000 815.500000 83.098000 3.909000 8.263000 
1270.231000 1525.385000 94.829000 4.068000 8.203000 
1293.000000 726.647000 105.484000 4.652000 9.873000 
1281.000000 1714.333000 97.627000 4.787000 8.418000 
1302.300000 27.700000 107.983000 3.568000 8.361000 
1313.273000 472.136000 107.199000 5.293000 8.836000 
1308.688000 1655.688000 97.373000 6.383000 8.968000 
1339.467000 694.667000 87.540000 4.370000 8.955000 
1326.882000 767.588000 83.370000 4.652000 8.225000 
1325.250000 1129.333000 104.060000 6.770000 10.022000 
1338.130000 1443.783000 73.382000 5.412000 8.318000 
1332.000000 1751.000000 109.835000 4.068000 8.954000 
1341.000000 1950.500000 106.439000 3.909000 8.888000 
1344.267000 596.933000 97.728000 4.370000 11.691000 
1362.913000 1562.304000 92.266000 5.412000 10.037000 
1352.471000 1699.353000 108.826000 4.652000 8.208000 
1376.815000 1075.667000 104.079000 5.863000 9.515000 
1372.267000 1417.800000 106.484000 4.370000 9.114000 
1361.846000 1910.538000 101.097000 4.068000 8.961000 
1386.000000 282.143000 99.989000 5.171000 8.205000 
1397.333000 534.333000 97.603000 3.909000 10.818000 
1389.714000 718.571000 83.437000 4.222000 8.036000 
1398.769000 1058.231000 97.116000 4.068000 8.018000 
1391.850000 1557.567000 101.487000 8.740000 8.664000 
1410.850000 250.550000 103.003000 5.046000 8.106000 
1404.889000 265.111000 108.470000 4.787000 8.240000 
1417.615000 529.385000 102.274000 4.068000 8.644000 
1414.364000 646.909000 87.831000 3.742000 9.221000 
1405.091000 883.091000 95.066000 5.293000 8.345000 
1416.235000 965.882000 98.651000 4.652000 8.527000 
1410.385000 1356.615000 106.167000 4.068000 10.127000 
1418.000000 1503.381000 91.891000 5.171000 9.015000 
1406.125000 1657.688000 89.895000 4.514000 9.610000 
1429.156000 1022.250000 104.209000 6.383000 11.214000 
1473.000000 1444.892000 93.614000 9.707000 8.056000 
1429.170000 1503.149000 101.731000 7.736000 8.113000 
1430.429000 1508.048000 103.294000 5.171000 9.661000 
1452.000000 101.538000 99.707000 5.754000 9.126000 
1453.067000 470.733000 97.677000 4.370000 10.945000 
1460.533000 707.333000 98.353000 4.370000 8.912000 
1445.867000 988.867000 97.075000 4.370000 8.821000 
1449.000000 1295.000000 106.132000 4.068000 9.188000 
1482.722000 968.917000 103.009000 6.770000 8.593000 
1474.769000 1806.846000 99.972000 4.068000 9.733000 
1487.150000 157.300000 106.964000 5.046000 8.939000 
1478.926000 218.667000 102.967000 5.863000 8.945000 
1499.706000 497.412000 102.644000 4.652000 9.354000 
1490.882000 599.118000 88.120000 4.652000 9.129000 
1498.000000 797.500000 102.032000 4.787000 10.210000 
1494.588000 919.882000 96.958000 4.652000 8.442000 
1481.846000 1088.615000 96.867000 4.068000 9.545000 
1491.000000 1230.500000 106.410000 5.046000 8.812000 
1510.861000 1394.620000 104.500000 10.029000 8.017000 
1506.909000 1752.364000 100.135000 3.742000 10.282000 
1510.625000 406.188000 97.551000 4.514000 12.225000 
1515.818000 641.636000 98.356000 3.742000 8.094000 
1515.938000 943.688000 80.322000 4.514000 10.497000 
1516.718000 1181.538000 103.060000 7.047000 10.981000 
1532.421000 186.632000 99.798000 4.918000 8.678000 
1533.467000 836.867000 98.588000 4.370000 9.288000 
1530.789000 1021.053000 96.907000 4.918000 9.548000 
1532.708000 1384.875000 91.670000 5.528000 10.569000 
1514.917000 1401.250000 101.418000 3.909000 10.183000 
1553.563000 96.375000 107.497000 4.514000 8.879000 
1548.632000 182.421000 103.262000 4.918000 9.287000 
1548.050000 770.850000 95.020000 5.046000 8.768000 
1547.412000 849.118000 96.894000 4.652000 8.862000 
1542.000000 1696.857000 100.620000 4.222000 8.873000 
1576.632000 393.895000 96.463000 4.918000 8.234000 
1581.278000 465.167000 102.512000 4.787000 8.557000 
1574.500000 750.500000 102.147000 4.514000 10.238000 
1573.586000 1130.224000 103.991000 8.593000 9.940000 
1578.733000 1641.067000 100.329000 4.370000 10.300000 
1601.813000 908.375000 80.479000 4.514000 11.582000 
1572.500000 1125.000000 102.226000 2.257000 9.062000 
1588.400000 1462.400000 108.200000 4.370000 10.196000 
1599.500000 45.000000 79.401000 3.909000 8.102000 
1618.412000 1857.882000 88.674000 4.652000 9.059000 
1632.800000 36.000000 80.046000 3.568000 8.427000 
1639.500000 412.714000 95.808000 4.222000 8.240000 
1634.958000 509.583000 98.564000 5.528000 9.045000 
1636.381000 884.000000 96.891000 5.171000 9.110000 
1631.347000 1078.431000 103.679000 9.575000 9.351000 
1630.500000 1406.500000 108.011000 4.222000 9.511000 
1649.000000 31.500000 80.123000 4.514000 8.094000 
1651.938000 703.688000 102.288000 4.514000 9.455000 
1658.174000 1673.913000 104.692000 5.412000 9.028000 
1656.917000 1935.167000 90.233000 3.909000 8.805000 
1666.850000 431.750000 102.260000 5.046000 9.199000 
1668.409000 731.500000 108.552000 5.293000 8.048000 
1679.263000 1214.947000 93.452000 4.918000 8.452000 
1688.813000 872.375000 80.380000 4.514000 11.287000 
1692.458000 1026.972000 103.752000 9.575000 10.291000 
1721.109000 1285.065000 108.109000 7.653000 8.116000 
1707.571000 1304.286000 87.637000 2.985000 9.995000 
1727.884000 1302.737000 98.631000 25.206000 8.119000 
1700.118000 1629.412000 104.757000 4.652000 8.174000 
1684.462000 1931.731000 98.486000 5.754000 9.134000 
1727.000000 274.000000 96.452000 4.918000 8.899000 
1716.563000 354.375000 96.051000 4.514000 8.404000 
1741.676000 300.912000 103.512000 6.580000 10.625000 
1732.565000 656.522000 102.089000 5.412000 9.698000 
1741.636000 1582.864000 103.879000 5.293000 9.095000 
1753.862000 1180.759000 93.236000 6.077000 8.105000 
1746.622000 1307.400000 78.985000 7.569000 8.325000 
1776.882000 836.294000 80.486000 4.652000 10.838000 
1780.762000 1231.571000 85.037000 5.171000 8.194000 
1782.565000 1723.174000 81.737000 5.412000 9.062000 
1805.830000 396.179000 107.842000 11.942000 8.053000 
1801.111000 1207.778000 89.323000 4.787000 10.716000 
1773.696000 1317.667000 87.866000 9.373000 8.082000 
1784.615000 1535.385000 104.013000 4.068000 8.432000 
1821.919000 253.865000 103.504000 6.864000 8.850000 
1812.364000 356.000000 94.133000 5.293000 9.058000 
1814.571000 492.571000 85.102000 5.171000 10.981000 
1809.667000 595.125000 108.252000 5.528000 8.155000 
1810.310000 1332.172000 90.329000 6.077000 8.368000 
1809.059000 1660.588000 81.171000 4.652000 8.675000 
1810.944000 1696.778000 95.076000 4.787000 8.142000 
1827.238000 356.048000 80.582000 7.313000 9.228000 
1828.059000 1630.235000 94.847000 4.652000 9.709000 
1894.143000 1477.571000 96.805000 5.971000 9.549000 
1869.549000 1541.345000 98.622000 11.995000 8.719000 
1842.598000 1602.902000 99.958000 12.463000 8.749000 
1877.000000 1491.500000 95.544000 4.514000 9.043000 
1862.645000 1584.194000 90.042000 6.283000 8.520000 
1902.846000 206.026000 103.307000 7.047000 9.608000 
1902.952000 315.190000 93.904000 5.171000 9.731000 
1892.842000 433.947000 85.282000 4.918000 9.246000 
1883.227000 527.136000 107.353000 5.293000 8.161000 
1884.053000 838.368000 86.144000 4.918000 8.255000 
1884.743000 1146.600000 85.768000 6.676000 8.402000 
1856.600000 1253.336000 90.118000 11.835000 9.117000 
1899.933000 1480.038000 99.632000 11.562000 9.089000 
1896.615000 1734.538000 95.023000 5.754000 8.874000 
1921.314000 327.286000 82.380000 6.676000 8.028000 
1914.882000 556.235000 95.872000 4.652000 8.172000 
1923.600000 1414.500000 95.314000 3.568000 8.265000 
1906.500000 1518.214000 79.259000 5.971000 8.315000 
1903.000000 1696.500000 99.500000 3.909000 8.345000 
1933.043000 1054.391000 84.994000 5.412000 9.243000 
1934.222000 1299.500000 108.863000 4.787000 8.113000 
1930.506000 1415.457000 100.135000 10.155000 8.136000 
1939.056000 1776.111000 91.343000 4.787000 9.343000 
1925.957000 1880.217000 102.373000 5.412000 8.192000 
1906.462000 1480.231000 104.571000 4.068000 8.568000 
1985.889000 156.500000 103.781000 4.787000 8.237000 
1971.000000 373.889000 84.802000 4.787000 9.982000 
1969.000000 533.211000 96.357000 4.918000 8.157000 
1978.000000 1834.000000 93.171000 5.171000 8.889000 
